     1.00000000     0.87273401     0.13808176     0.19165193     0.37761630     0.75269872
     0.87273401     1.00000000     0.04244100     0.06246951     0.14608529     0.40620132
     0.13808176     0.04244100     1.00000000     0.97784334     0.77819938     0.37111155
     0.19165193     0.06246951     0.97784334     1.00000000     0.88240916     0.47908702
     0.37761630     0.14608529     0.77819938     0.88240916     1.00000000     0.76373163
     0.75269872     0.40620132     0.37111155     0.47908702     0.76373163     1.00000000
 
    -7.85970896    -7.52924327    -0.93439067    -1.30220270    -2.60011125    -5.36059747
    -7.52924327    -5.19605119    -0.62202777    -0.90783956    -2.06357750    -5.30891641
    -0.93439067    -0.62202777    -1.40904957    -1.51395241    -1.58324849    -1.30035208
    -1.30220270    -0.90783956    -1.51395241    -1.67926824    -1.88710807    -1.69505281
    -2.60011125    -2.06357750    -1.58324849    -1.88710807    -2.50942717    -2.80988428
    -5.36059747    -5.30891641    -1.30035208    -1.69505281    -2.80988428    -4.25212757
 
     2.16893750     2.20657589     0.17400265     0.24864325     0.53412310     1.26715565
     2.20657589     2.75905886     0.07796156     0.11632957     0.28362046     0.86266779
     0.17400265     0.07796156     0.37480201     0.40433289     0.41972365     0.31626852
     0.24864325     0.11632957     0.40433289     0.45202505     0.50930568     0.42504103
     0.53412310     0.28362046     0.41972365     0.50930568     0.69947507     0.76312847
     1.26715565     0.86266779     0.31626852     0.42504103     0.76312847     1.26825150
 
 DiagInvSmallS
    28.84238510     0.00000000     0.00000000     0.00000000     0.00000000     0.00000000
     0.00000000     9.15762560     0.00000000     0.00000000     0.00000000     0.00000000
     0.00000000     0.00000000     3.35108334     0.00000000     0.00000000     0.00000000
     0.00000000     0.00000000     0.00000000     1.36194793     0.00000000     0.00000000
     0.00000000     0.00000000     0.00000000     0.00000000     0.73443150     0.00000000
     0.00000000     0.00000000     0.00000000     0.00000000     0.00000000     0.53415899
 
 X Matrix
     5.29536391    -2.93569077     1.01655180    -2.11503957     2.24543413    -3.44342912
    -2.93569077     2.83617514    -0.53443144     1.09423584    -1.12310231     1.69353238
     1.01655180    -0.53443144     8.30880716   -10.35226135     3.83886376    -1.51261525
    -2.11503957     1.09423584   -10.35226135    16.43637602    -7.80732043     3.22809539
     2.24543413    -1.12310231     3.83886376    -7.80732043     6.66560750    -3.59375270
    -3.44342912     1.69353238    -1.51261525     3.22809539    -3.59375270     4.43930272
 
 SCF CYCLE:           1
 GMatrix
     0.00000000     0.00000000     0.00000000     0.00000000     0.00000000     0.00000000
     0.00000000     0.00000000     0.00000000     0.00000000     0.00000000     0.00000000
     0.00000000     0.00000000     0.00000000     0.00000000     0.00000000     0.00000000
     0.00000000     0.00000000     0.00000000     0.00000000     0.00000000     0.00000000
     0.00000000     0.00000000     0.00000000     0.00000000     0.00000000     0.00000000
     0.00000000     0.00000000     0.00000000     0.00000000     0.00000000     0.00000000
 
 FockMatrix
    -7.85970896    -7.52924327    -0.93439067    -1.30220270    -2.60011125    -5.36059747
    -7.52924327    -5.19605119    -0.62202777    -0.90783956    -2.06357750    -5.30891641
    -0.93439067    -0.62202777    -1.40904957    -1.51395241    -1.58324849    -1.30035208
    -1.30220270    -0.90783956    -1.51395241    -1.67926824    -1.88710807    -1.69505281
    -2.60011125    -2.06357750    -1.58324849    -1.88710807    -2.50942717    -2.80988428
    -5.36059747    -5.30891641    -1.30035208    -1.69505281    -2.80988428    -4.25212757
 
 pFMatrix
     7.03151686   -15.24498994     1.22240190    -2.60582139     1.95994721    -5.37060986
   -15.24498994     9.32951575    -1.31269186     2.41031038    -2.19751989     2.20411202
     1.22240190    -1.31269186    -0.52981976    -0.65301384     0.16379347    -0.68659526
    -2.60582139     2.41031038    -0.65301384    -0.05287011    -1.14453666     0.96705989
     1.95994721    -2.19751989     0.16379347    -1.14453666    -0.50973875    -1.96387921
    -5.37060986     2.20411202    -0.68659526     0.96705989    -1.96387921    -0.01215269
 
 pCMatrix
     0.72099952    -0.15508326     0.08645694     0.09284791     0.05547732     0.66101104
     0.59917427    -0.19515207     0.09273364     0.03862497    -0.34592736    -0.68785806
     0.01890365     0.23169612     0.59472806    -0.74647659    -0.17139769     0.07519054
     0.02660314     0.32409454     0.66490828     0.52620249     0.39207522    -0.14676492
     0.07923805     0.75151379    -0.18710660     0.23000585    -0.56936698     0.12983847
     0.33735165     0.46300272    -0.39129566    -0.32073092     0.60825786    -0.21415906
 
 CMatrix
     1.03819166    -0.60510017     0.31111154     0.12737849    -3.06714977     6.93546654
     0.08406243     0.07268444    -0.03360891     0.01021630     1.04621000    -4.60069676
     0.08828073     0.70126636    -2.02989232   -10.20786979    -8.34748790     4.00602985
    -0.15737439    -1.32986631     4.88817632    13.39139112    14.13153150    -7.04643533
     0.12670356     1.57546511    -2.65904735    -4.12299292    -9.18705194     5.32636569
    -0.19786205     0.25391739     0.04146666     0.32305532     5.49444847    -5.44588434
 
 PMatrix
     2.88797625     0.08658309    -0.66536815     1.28263510    -1.64354325    -0.71812837
     0.08658309     0.02469904     0.11678449    -0.21977972     0.25032561     0.00364616
    -0.66536815     0.11678449     0.99913600    -1.89296728     2.23201234     0.32119263
     1.28263510    -0.21977972    -1.89296728     3.58662220    -4.23019573    -0.61307551
    -1.64354325     0.25032561     2.23201234    -4.23019573     4.99628819     0.74993631
    -0.71812837     0.00364616     0.32119263    -0.61307551     0.74993631     0.20724686
 
 Energy:  -19.9914355243186     
 
 
 SCF CYCLE:           2
 GMatrix
     3.90201267     3.73780952     0.37303748     0.53167679     1.12417297     2.52523687
     3.73780952     4.90752668     0.14816753     0.20929922     0.45938681     1.33249031
     0.37303748     0.14816753     1.25386950     1.31183036     1.23811773     0.77806808
     0.53167679     0.20929922     1.31183036     1.42573910     1.47607712     1.05227124
     1.12417297     0.45938681     1.23811773     1.47607712     1.92660673     1.89709264
     2.52523687     1.33249031     0.77806808     1.05227124     1.89709264     3.01634643
 
 FockMatrix
    -3.95769629    -3.79143375    -0.56135318    -0.77052591    -1.47593827    -2.83536061
    -3.79143375    -0.28852451    -0.47386024    -0.69854033    -1.60419069    -3.97642611
    -0.56135318    -0.47386024    -0.15518007    -0.20212205    -0.34513076    -0.52228399
    -0.77052591    -0.69854033    -0.20212205    -0.25352914    -0.41103096    -0.64278158
    -1.47593827    -1.60419069    -0.34513076    -0.41103096    -0.58282044    -0.91279164
    -2.83536061    -3.97642611    -0.52228399    -0.64278158    -0.91279164    -1.23578114
 
 pFMatrix
    11.56386816   -16.25610595     1.39930314    -2.84288133     2.10157163    -5.34299509
   -16.25610595    15.71806960    -1.43248614     2.62143799    -2.22770609     1.99738822
     1.39930314    -1.43248614     0.23635197    -0.49089539     0.36865640    -0.81064508
    -2.84288133     2.62143799    -0.49089539     1.05629308    -1.13316238     1.19510059
     2.10157163    -2.22770609     0.36865640    -1.13316238     1.18675092    -2.00490562
    -5.34299509     1.99738822    -0.81064508     1.19510059    -2.00490562     3.02638532
 
 pCMatrix
     0.71109748    -0.13006648     0.01383070     0.21739558    -0.08848094    -0.64972462
     0.55418263    -0.11801473     0.07240390     0.08207696    -0.39768542     0.71331724
     0.02652021     0.55731942     0.81693715    -0.05775713    -0.11504150    -0.06881142
     0.04389781     0.58198465    -0.30682651     0.70779348     0.21615770     0.13239554
     0.11765981     0.55095855    -0.48272847    -0.52632100    -0.39960213    -0.11348315
     0.41321643     0.12762779    -0.00328774    -0.40580937     0.78382196     0.18410435
 
 CMatrix
     0.91404053    -0.20900720     0.26747838    -0.42993158    -3.47150071    -6.77334855
     0.08570941    -0.01653707    -0.07100441     0.30379971     1.20607842     4.55137000
     0.01924701     0.45865693     8.09133040    -9.03666780    -5.79062770    -3.69815733
    -0.03532184     0.05264679    -9.69208558    14.66065340    10.14584191     6.52349294
     0.03267843     0.65003029     2.27547906    -7.40159634    -7.36173104    -4.97591377
     0.00305645    -0.12972533    -0.43097206     1.85255981     5.41867011     5.20190247
 
 PMatrix
     1.75830821     0.16359649    -0.15654010    -0.08657830    -0.21198319     0.05981450
     0.16359649     0.01523916    -0.01187038    -0.00779608    -0.01589750     0.00481449
    -0.15654010    -0.01187038     0.42147325     0.04693395     0.59753972    -0.11888119
    -0.08657830    -0.00779608     0.04693395     0.00803863     0.06613549    -0.01387516
    -0.21198319    -0.01589750     0.59753972     0.06613549     0.84721453    -0.16845103
     0.05981450     0.00481449    -0.11888119    -0.01387516    -0.16845103     0.03367601
 
 Energy:  -13.7049064803795     
 
 
 SCF CYCLE:           3
 GMatrix
     3.21921650     3.12154034     0.31018028     0.43904563     0.91650306     2.04950395
     3.12154034     4.21929180     0.08970968     0.12367105     0.28172308     0.97341967
     0.31018028     0.08970968     1.07293803     1.12715748     1.08305073     0.70270560
     0.43904563     0.12367105     1.12715748     1.23658501     1.31303583     0.95767487
     0.91650306     0.28172308     1.08305073     1.31303583     1.76124813     1.72243897
     2.04950395     0.97341967     0.70270560     0.95767487     1.72243897     2.63149976
 
 FockMatrix
    -4.64049246    -4.40770294    -0.62421039    -0.86315707    -1.68360818    -3.31109352
    -4.40770294    -0.97675939    -0.53231809    -0.78416851    -1.78185441    -4.33549674
    -0.62421039    -0.53231809    -0.33611154    -0.38679494    -0.50019777    -0.59764648
    -0.86315707    -0.78416851    -0.38679494    -0.44268323    -0.57407224    -0.73737794
    -1.68360818    -1.78185441    -0.50019777    -0.57407224    -0.74817904    -1.08744531
    -3.31109352    -4.33549674    -0.59764648    -0.73737794    -1.08744531    -1.62062782
 
 pFMatrix
    10.87919957   -16.14702381     1.37652389    -2.80977337     2.04634724    -5.48004175
   -16.14702381    14.93710624    -1.41549528     2.57662645    -2.27424372     1.89220583
     1.37652389    -1.41549528     0.17019353    -0.55448448     0.30088729    -0.77868613
    -2.80977337     2.57662645    -0.55448448     0.94426375    -1.17040178     1.18025039
     2.04634724    -2.27424372     0.30088729    -1.17040178     1.10246638    -1.90379146
    -5.48004175     1.89220583    -0.77868613     1.18025039    -1.90379146     2.74920663
 
 pCMatrix
     0.71334496    -0.10946650     0.00787353     0.22117347    -0.08445196    -0.65041849
     0.55696943    -0.10137119     0.06877198     0.08846016    -0.40179013     0.71099849
     0.02365134     0.57079650     0.80720354    -0.06944495    -0.11135547    -0.06951092
     0.04038588     0.61163033    -0.33338427     0.66561834     0.22830647     0.13401727
     0.10828207     0.51780989    -0.48212395    -0.56595179    -0.39244304    -0.11572139
     0.40866687     0.09855749     0.00650289    -0.41843194     0.78287747     0.18775809
 
 CMatrix
     0.91688109    -0.17211638     0.26051525    -0.39686791    -3.44073618    -6.79196400
     0.08753302    -0.01657359    -0.07177346     0.29404231     1.18429268     4.55768048
     0.00344371     0.19250065     8.26878507    -8.82978661    -5.85056766    -3.73434299
    -0.00652139     0.53999880    -9.99232317    14.35610001    10.23540972     6.58558920
     0.00484233     0.38139264     2.40500495    -7.33467631    -7.37765944    -5.01826408
     0.00654401    -0.10708384    -0.44632642     1.81828268     5.40156611     5.23092176
 
 PMatrix
     1.74058998     0.16621991    -0.05995009    -0.19784396    -0.12240816     0.04886193
     0.16621991     0.01587343    -0.00577798    -0.01904112    -0.01179437     0.00469516
    -0.05995009    -0.00577798     0.07413672     0.20785533     0.14687002    -0.04118235
    -0.19784396    -0.01904112     0.20785533     0.58328246     0.41183998    -0.11573564
    -0.12240816    -0.01179437     0.14687002     0.41183998     0.29096759    -0.08161860
     0.04886193     0.00469516    -0.04118235    -0.11573564    -0.08161860     0.02301955
 
 Energy:  -14.5125374036421     
 
 
 SCF CYCLE:           4
 GMatrix
     3.16853755     3.07504093     0.30464396     0.43153478     0.90138645     2.01532297
     3.07504093     4.16743954     0.08240974     0.11465249     0.26747752     0.94760460
     0.30464396     0.08240974     1.06045966     1.11532409     1.07621409     0.70146148
     0.43153478     0.11465249     1.11532409     1.22529027     1.30615442     0.95510881
     0.90138645     0.26747752     1.07621409     1.30615442     1.75504241     1.71326282
     2.01532297     0.94760460     0.70146148     0.95510881     1.71326282     2.60431640
 
 FockMatrix
    -4.69117140    -4.45420235    -0.62974671    -0.87066792    -1.69872480    -3.34527450
    -4.45420235    -1.02861165    -0.53961803    -0.79318707    -1.79609997    -4.36131181
    -0.62974671    -0.53961803    -0.34858991    -0.39862832    -0.50703441    -0.59889059
    -0.87066792    -0.79318707    -0.39862832    -0.45397797    -0.58095365    -0.73994400
    -1.69872480    -1.79609997    -0.50703441    -0.58095365    -0.75438476    -1.09662146
    -3.34527450    -4.36131181    -0.59889059    -0.73994400    -1.09662146    -1.64781118
 
 pFMatrix
    10.83134226   -16.14634814     1.37278278    -2.81089323     2.04188818    -5.48679885
   -16.14634814    14.88487704    -1.41676011     2.57340577    -2.27969164     1.88867728
     1.37278278    -1.41676011     0.16541696    -0.56097542     0.29971296    -0.77249354
    -2.81089323     2.57340577    -0.56097542     0.93118262    -1.16999408     1.18262994
     2.04188818    -2.27969164     0.29971296    -1.16999408     1.09927310    -1.89364058
    -5.48679885     1.88867728    -0.77249354     1.18262994    -1.89364058     2.72086263
 
 pCMatrix
    -0.71356952    -0.10656214     0.00819322     0.22203992     0.08379530    -0.65044026
    -0.55725320    -0.09940165     0.06893664     0.08971558     0.40179205     0.71087987
    -0.02364706     0.57279585     0.80522216    -0.07638593     0.11086491    -0.06954972
    -0.04038402     0.61749412    -0.33464818     0.65882261    -0.23029446     0.13415651
    -0.10758822     0.51057842    -0.48453642    -0.57043134     0.39260819    -0.11586979
    -0.40807123     0.09316345     0.00573948    -0.42115962    -0.78235142     0.18792641
 
 CMatrix
    -0.91772981    -0.17055218     0.25959549    -0.38931388     3.43951864    -6.79297785
    -0.08744937    -0.01517939    -0.07115248     0.29174422    -1.18356720     4.55803280
    -0.00174147     0.13070776     8.25753707    -8.82996737     5.86624155    -3.73688992
     0.00317786     0.65073861    -9.97671094    14.34196701   -10.26120684     6.58989779
    -0.00254165     0.31877969     2.39446233    -7.32778613     7.38903074    -5.02100994
    -0.00610108    -0.09580237    -0.44295056     1.80997642    -5.40323524     5.23258461
 
 PMatrix
     1.74263211     0.16568754    -0.04138859    -0.22780262    -0.10407204     0.04387689
     0.16568754     0.01575561    -0.00366355    -0.02031144    -0.00923323     0.00397552
    -0.04138859    -0.00366355     0.03417510     0.17010210     0.08334281    -0.02502298
    -0.22780262    -0.02031144     0.17010210     0.84694167     0.41486835    -0.12472338
    -0.10407204    -0.00923323     0.08334281     0.41486835     0.20325390    -0.06104869
     0.04387689     0.00397552    -0.02502298    -0.12472338    -0.06104869     0.01843063
 
 Energy:  -14.5624178910922     
 
 
 SCF CYCLE:           5
 GMatrix
     3.15953443     3.06684228     0.30364822     0.43016236     0.89860084     2.00915216
     3.06684228     4.15826330     0.08116718     0.11310095     0.26499502     0.94310293
     0.30364822     0.08116718     1.05828889     1.11329075     1.07511235     0.70124075
     0.43016236     0.11310095     1.11329075     1.22336988     1.30503669     0.95461055
     0.89860084     0.26499502     1.07511235     1.30503669     1.75397227     1.71145004
     2.00915216     0.94310293     0.70124075     0.95461055     1.71145004     2.59917184
 
 FockMatrix
    -4.70017452    -4.46240100    -0.63074244    -0.87204034    -1.70151040    -3.35144531
    -4.46240100    -1.03778790    -0.54086059    -0.79473861    -1.79858248    -4.36581348
    -0.63074244    -0.54086059    -0.35076068    -0.40066166    -0.50813614    -0.59911132
    -0.87204034    -0.79473861    -0.40066166    -0.45589836    -0.58207138    -0.74044226
    -1.70151040    -1.79858248    -0.50813614    -0.58207138    -0.75545490    -1.09843424
    -3.35144531    -4.36581348    -0.59911132    -0.74044226    -1.09843424    -1.65295574
 
 pFMatrix
    10.82281246   -16.14622859     1.37208917    -2.81112004     2.04097119    -5.48791277
   -16.14622859    14.87561676    -1.41693894     2.57293820    -2.28064857     1.88821400
     1.37208917    -1.41693894     0.16461504    -0.56219126     0.29970492    -0.77139133
    -2.81112004     2.57293820    -0.56219126     0.92861295    -1.16974688     1.18302663
     2.04097119    -2.28064857     0.29970492    -1.16974688     1.09892982    -1.89203442
    -5.48791277     1.88821400    -0.77139133     1.18302663    -1.89203442     2.71535370
 
 pCMatrix
    -0.71360338    -0.10601333     0.00829667     0.22223493     0.08365717    -0.65044267
    -0.55729646    -0.09906563     0.06900327     0.08999009     0.40177686     0.71086029
    -0.02364096     0.57320008     0.80480420    -0.07781507     0.11081401    -0.06955606
    -0.04038005     0.61864605    -0.33487447     0.65750191    -0.23063374     0.13418245
    -0.10749179     0.50908698    -0.48506525    -0.57124219     0.39273193    -0.11589500
    -0.40797910     0.09217571     0.00554104    -0.42170112    -0.78221915     0.18795573
 
 CMatrix
    -0.91788500    -0.17060568     0.25949726    -0.38770263     3.43932006    -6.79315198
    -0.08742387    -0.01479079    -0.07103357     0.29126251    -1.18346382     4.55809407
    -0.00151236     0.11828823     8.25474653    -8.83041157     5.86947363    -3.73734426
     0.00274878     0.67315013    -9.97276118    14.33952457   -10.26652009     6.59066496
    -0.00226499     0.30580122     2.39197014    -7.32629038     7.39154062    -5.02149363
    -0.00599173    -0.09304099    -0.44227263     1.80817826    -5.40366111     5.23287381
 
 PMatrix
     1.74323833     0.16553690    -0.03758495    -0.23473260    -0.10018484     0.04274608
     0.16553690     0.01572340    -0.00323472    -0.02039346    -0.00865005     0.00379994
    -0.03758495    -0.00323472     0.02798878     0.15924316     0.07235222    -0.02199318
    -0.23473260    -0.02039346     0.15924316     0.90627729     0.41168780    -0.12529405
    -0.10018484    -0.00865005     0.07235222     0.41168780     0.18703903    -0.05687695
     0.04274608     0.00379994    -0.02199318    -0.12529405    -0.05687695     0.01738505
 
 Energy:  -14.5709622272236     
 
 
 SCF CYCLE:           6
 GMatrix
     3.15778399     3.06525608     0.30345085     0.42988835     0.89804326     2.00793611
     3.06525608     4.15648286     0.08093435     0.11280701     0.26451667     0.94223333
     0.30345085     0.08093435     1.05786322     1.11289292     1.07489500     0.70118358
     0.42988835     0.11280701     1.11289292     1.22299455     1.30481434     0.95449434
     0.89804326     0.26451667     1.07489500     1.30481434     1.75374888     1.71106343
     2.00793611     0.94223333     0.70118358     0.95449434     1.71106343     2.59812774
 
 FockMatrix
    -4.70192497    -4.46398719    -0.63093982    -0.87231435    -1.70206799    -3.35266137
    -4.46398719    -1.03956833    -0.54109342    -0.79503254    -1.79906083    -4.36668308
    -0.63093982    -0.54109342    -0.35118636    -0.40105949    -0.50835350    -0.59916850
    -0.87231435    -0.79503254    -0.40105949    -0.45627369    -0.58229373    -0.74055848
    -1.70206799    -1.79906083    -0.50835350    -0.58229373    -0.75567829    -1.09882086
    -3.35266137    -4.36668308    -0.59916850    -0.74055848    -1.09882086    -1.65399983
 
 pFMatrix
    10.82115710   -16.14619079     1.37195498    -2.81116215     2.04078101    -5.48812979
   -16.14619079    14.87380120    -1.41696517     2.57285713    -2.28083009     1.88813110
     1.37195498    -1.41696517     0.16445530    -0.56243285     0.29971389    -0.77118621
    -2.81116215     2.57285713    -0.56243285     0.92810172    -1.16968516     1.18309121
     2.04078101    -2.28083009     0.29971389    -1.16968516     1.09887691    -1.89174910
    -5.48812979     1.88813110    -0.77118621     1.18309121    -1.89174910     2.71423908
 
 pCMatrix
    -0.71360876    -0.10590794     0.00832218     0.22227583     0.08362907    -0.65044324
    -0.55730378    -0.09900356     0.06902084     0.09004696     0.40177322     0.71085635
    -0.02363951     0.57329334     0.80471085    -0.07810044     0.11080831    -0.06955727
    -0.04037882     0.61886623    -0.33492587     0.65724560    -0.23069613     0.13418761
    -0.10747643     0.50878196    -0.48518220    -0.57139405     0.39276461    -0.11589981
    -0.40796394     0.09198942     0.00549617    -0.42180847    -0.78219003     0.18796155
 
 CMatrix
    -0.91791086    -0.17064413     0.25948652    -0.38737236     3.43928125    -6.79318642
    -0.08741982    -0.01470598    -0.07100965     0.29116455    -1.18344428     4.55810613
    -0.00147852     0.11596852     8.25413845    -8.83053878     5.87012690    -3.73743342
     0.00268631     0.67742873    -9.97190612    14.33908094   -10.26759220     6.59081544
    -0.00222496     0.30324347     2.39143233    -7.32598332     7.39205999    -5.02158836
    -0.00597172    -0.09245991    -0.44213436     1.80780722    -5.40375147     5.23293070
 
 PMatrix
     1.74335953     0.16550619    -0.03686439    -0.23613006    -0.09940881     0.04251849
     0.16550619     0.01571698    -0.00315236    -0.02039417    -0.00852997     0.00376352
    -0.03686439    -0.00315236     0.02690177     0.15711288     0.07033997    -0.02142722
    -0.23613006    -0.02039417     0.15711288     0.91783381     0.41083973    -0.12530208
    -0.09940881    -0.00852997     0.07033997     0.41083973     0.18392311    -0.05604915
     0.04251849     0.00376352    -0.02142722    -0.12530208    -0.05604915     0.01716899
 
 Energy:  -14.5726104137678     
 
 
 SCF CYCLE:           7
 GMatrix
     3.15743571     3.06494136     0.30341108     0.42983296     0.89793043     2.00769220
     3.06494136     4.15612896     0.08088915     0.11274953     0.26442207     0.94206091
     0.30341108     0.08088915     1.05777698     1.11281248     1.07485034     0.70116976
     0.42983296     0.11274953     1.11281248     1.22291877     1.30476855     0.95446823
     0.89793043     0.26442207     1.07485034     1.30476855     1.75370160     1.71098182
     2.00769220     0.94206091     0.70116976     0.95446823     1.71098182     2.59791449
 
 FockMatrix
    -4.70227324    -4.46430192    -0.63097958    -0.87236973    -1.70218082    -3.35290528
    -4.46430192    -1.03992223    -0.54113862    -0.79509003    -1.79915543    -4.36685550
    -0.63097958    -0.54113862    -0.35127259    -0.40113993    -0.50839815    -0.59918232
    -0.87236973    -0.79509003    -0.40113993    -0.45634947    -0.58233952    -0.74058459
    -1.70218082    -1.79915543    -0.50839815    -0.58233952    -0.75572557    -1.09890246
    -3.35290528    -4.36685550    -0.59918232    -0.74058459    -1.09890246    -1.65421309
 
 pFMatrix
    10.82082827   -16.14618139     1.37192886    -2.81117011     2.04074243    -5.48817302
   -16.14618139    14.87343786    -1.41696931     2.57284179    -2.28086564     1.88811508
     1.37192886    -1.41696931     0.16442107    -0.56248170     0.29971576    -0.77114714
    -2.81117011     2.57284179    -0.56248170     0.92800054    -1.16967078     1.18310220
     2.04074243    -2.28086564     0.29971576    -1.16967078     1.09886676    -1.89169584
    -5.48817302     1.88811508    -0.77114714     1.18310220    -1.89169584     2.71401217
 
 pCMatrix
    -0.71360969    -0.10588759     0.00832834     0.22228408     0.08362340    -0.65044338
    -0.55730510    -0.09899151     0.06902523     0.09005839     0.40177245     0.71085554
    -0.02363921     0.57331673     0.80468875    -0.07815717     0.11080765    -0.06955751
    -0.04037852     0.61890695    -0.33493892     0.65719620    -0.23070811     0.13418864
    -0.10747374     0.50871906    -0.48520922    -0.57142235     0.39277198    -0.11590076
    -0.40796127     0.09195393     0.00548603    -0.42182979    -0.78218388     0.18796271
 
 CMatrix
    -0.91791532    -0.17065309     0.25948561    -0.38730557     3.43927351    -6.79319336
    -0.08741922    -0.01468896    -0.07100456     0.29114471    -1.18344042     4.55810855
    -0.00147300     0.11556783     8.25400550    -8.83057287     5.87025910    -3.73745125
     0.00267614     0.67820250    -9.97172190    14.33900350   -10.26780885     6.59084553
    -0.00221835     0.30275580     2.39131463    -7.32592180     7.39216617    -5.02160729
    -0.00596811    -0.09234504    -0.44210473     1.80773159    -5.40377012     5.23294211
 
 PMatrix
     1.74338201     0.16550031    -0.03673983    -0.23638765    -0.09925991     0.04247437
     0.16550031     0.01571577    -0.00313760    -0.02039207    -0.00850648     0.00375636
    -0.03673983    -0.00313760     0.02671619     0.15674890     0.06998420    -0.02132665
    -0.23638765    -0.02039207     0.15674890     0.91993158     0.41064761    -0.12528922
    -0.09925991    -0.00850648     0.06998420     0.41064761     0.18333199    -0.05588952
     0.04247437     0.00375636    -0.02132665    -0.12528922    -0.05588952     0.01712645
 
 Energy:  -14.5729374131603     
 
 
 SCF CYCLE:           8
 GMatrix
     3.15736530     3.06487784     0.30340297     0.42982165     0.89790738     2.00764264
     3.06487784     4.15605746     0.08088019     0.11273807     0.26440307     0.94202618
     0.30340297     0.08088019     1.05775908     1.11279585     1.07484095     0.70116649
     0.42982165     0.11273807     1.11279585     1.22290316     1.30475895     0.95446241
     0.89790738     0.26440307     1.07484095     1.30475895     1.75369149     1.71096454
     2.00764264     0.94202618     0.70116649     0.95446241     1.71096454     2.59787052
 
 FockMatrix
    -4.70234365    -4.46436543    -0.63098769    -0.87238105    -1.70220387    -3.35295484
    -4.46436543    -1.03999373    -0.54114758    -0.79510149    -1.79917443    -4.36689023
    -0.63098769    -0.54114758    -0.35129049    -0.40115656    -0.50840754    -0.59918558
    -0.87238105    -0.79510149    -0.40115656    -0.45636508    -0.58234913    -0.74059040
    -1.70220387    -1.79917443    -0.50840754    -0.58234913    -0.75573568    -1.09891975
    -3.35295484    -4.36689023    -0.59918558    -0.74059040    -1.09891975    -1.65425705
 
 pFMatrix
    10.82076180   -16.14617930     1.37192377    -2.81117164     2.04073468    -5.48818165
   -16.14617930    14.87336421    -1.41696999     2.57283874    -2.28087275     1.88811192
     1.37192377    -1.41696999     0.16441330    -0.56249174     0.29971593    -0.77113962
    -2.81117164     2.57283874    -0.56249174     0.92798057    -1.16966734     1.18310410
     2.04073468    -2.28087275     0.29971593    -1.16966734     1.09886449    -1.89168568
    -5.48818165     1.88811192    -0.77113962     1.18310410    -1.89168568     2.71396546
 
 pCMatrix
    -0.71360985    -0.10588365     0.00832988     0.22228571     0.08362224    -0.65044341
    -0.55730535    -0.09898908     0.06902636     0.09006066     0.40177229     0.71085538
    -0.02363914     0.57332300     0.80468319    -0.07816850     0.11080759    -0.06955756
    -0.04037846     0.61891411    -0.33494248     0.65718679    -0.23071047     0.13418885
    -0.10747324     0.50870581    -0.48521583    -0.57142750     0.39277358    -0.11590096
    -0.40796077     0.09194717     0.00548365    -0.42183406    -0.78218260     0.18796295
 
 CMatrix
    -0.91791613    -0.17065463     0.25948568    -0.38729206     3.43927196    -6.79319476
    -0.08741912    -0.01468570    -0.07100341     0.29114065    -1.18343965     4.55810903
    -0.00147203     0.11550791     8.25397528    -8.83058238     5.87028617    -3.73745487
     0.00267435     0.67833115    -9.97168086    14.33899145   -10.26785315     6.59085162
    -0.00221716     0.30266608     2.39128772    -7.32590961     7.39218803    -5.02161112
    -0.00596744    -0.09232325    -0.44209800     1.80771611    -5.40377399     5.23294441
 
 PMatrix
     1.74338604     0.16549921    -0.03672153    -0.23643036    -0.09923240     0.04246599
     0.16549921     0.01571555    -0.00313526    -0.02039112    -0.00850208     0.00375500
    -0.03672153    -0.00313526     0.02668849     0.15669736     0.06992718    -0.02131056
    -0.23643036    -0.02039112     0.15669736     0.92028061     0.41060381    -0.12528339
    -0.09923240    -0.00850208     0.06992718     0.41060381     0.18322335    -0.05585977
     0.04246599     0.00375500    -0.02131056    -0.12528339    -0.05585977     0.01711838
 
 Energy:  -14.5730033519029     
 
 
 SCF CYCLE:           9
 GMatrix
     3.15735078     3.06486476     0.30340129     0.42981930     0.89790259     2.00763237
     3.06486476     4.15604272     0.08087838     0.11273574     0.26439919     0.94201905
     0.30340129     0.08087838     1.05775526     1.11279231     1.07483891     0.70116571
     0.42981930     0.11273574     1.11279231     1.22289985     1.30475687     0.95446109
     0.89790259     0.26439919     1.07483891     1.30475687     1.75368927     1.71096080
     2.00763237     0.94201905     0.70116571     0.95446109     1.71096080     2.59786128
 
 FockMatrix
    -4.70235817    -4.46437851    -0.63098938    -0.87238340    -1.70220866    -3.35296510
    -4.46437851    -1.04000847    -0.54114939    -0.79510381    -1.79917831    -4.36689737
    -0.63098938    -0.54114939    -0.35129432    -0.40116010    -0.50840958    -0.59918637
    -0.87238340    -0.79510381    -0.40116010    -0.45636839    -0.58235120    -0.74059173
    -1.70220866    -1.79917831    -0.50840958    -0.58235120    -0.75573790    -1.09892348
    -3.35296510    -4.36689737    -0.59918637    -0.74059173    -1.09892348    -1.65426630
 
 pFMatrix
    10.82074807   -16.14617886     1.37192278    -2.81117195     2.04073313    -5.48818338
   -16.14617886    14.87334900    -1.41697011     2.57283810    -2.28087421     1.88811130
     1.37192278    -1.41697011     0.16441143    -0.56249387     0.29971589    -0.77113816
    -2.81117195     2.57283810    -0.56249387     0.92797662    -1.16966648     1.18310443
     2.04073313    -2.28087421     0.29971589    -1.16966648     1.09886393    -1.89168372
    -5.48818338     1.88811130    -0.77113816     1.18310443    -1.89168372     2.71395564
 
 pCMatrix
    -0.71360989    -0.10588290     0.00833028     0.22228602     0.08362200    -0.65044341
    -0.55730540    -0.09898857     0.06902666     0.09006110     0.40177226     0.71085535
    -0.02363913     0.57332477     0.80468171    -0.07817079     0.11080759    -0.06955757
    -0.04037845     0.61891524    -0.33494349     0.65718503    -0.23071095     0.13418889
    -0.10747314     0.50870292    -0.48521755    -0.57142838     0.39277393    -0.11590100
    -0.40796068     0.09194589     0.00548307    -0.42183492    -0.78218232     0.18796300
 
 CMatrix
    -0.91791628    -0.17065480     0.25948575    -0.38728930     3.43927165    -6.79319505
    -0.08741911    -0.01468511    -0.07100314     0.29113981    -1.18343950     4.55810913
    -0.00147184     0.11550221     8.25396804    -8.83058514     5.87029183    -3.73745561
     0.00267401     0.67834887    -9.97167125    14.33899009   -10.26786239     6.59085288
    -0.00221694     0.30265049     2.39128122    -7.32590722     7.39219261    -5.02161191
    -0.00596731    -0.09231929    -0.44209637     1.80771289    -5.40377481     5.23294488
 
 PMatrix
     1.74338672     0.16549901    -0.03671995    -0.23643602    -0.09922759     0.04246444
     0.16549901     0.01571551    -0.00313499    -0.02039077    -0.00850130     0.00375475
    -0.03671995    -0.00313499     0.02668585     0.15669371     0.06992012    -0.02130860
    -0.23643602    -0.02039077     0.15669371     0.92032868     0.41059337    -0.12528129
    -0.09922759    -0.00850130     0.06992012     0.41059337     0.18320446    -0.05585450
     0.04246444     0.00375475    -0.02130860    -0.12528129    -0.05585450     0.01711692
 
 Energy:  -14.5730169049671     
 
 
 SCF CYCLE:          10
 GMatrix
     3.15734770     3.06486199     0.30340093     0.42981879     0.89790156     2.00763019
     3.06486199     4.15603960     0.08087801     0.11273526     0.26439837     0.94201754
     0.30340093     0.08087801     1.05775440     1.11279152     1.07483845     0.70116551
     0.42981879     0.11273526     1.11279152     1.22289912     1.30475641     0.95446078
     0.89790156     0.26439837     1.07483845     1.30475641     1.75368876     1.71095996
     2.00763019     0.94201754     0.70116551     0.95446078     1.71095996     2.59785927
 
 FockMatrix
    -4.70236126    -4.46438128    -0.63098974    -0.87238391    -1.70220969    -3.35296728
    -4.46438128    -1.04001160    -0.54114976    -0.79510430    -1.79917912    -4.36689887
    -0.63098974    -0.54114976    -0.35129517    -0.40116089    -0.50841004    -0.59918657
    -0.87238391    -0.79510430    -0.40116089    -0.45636912    -0.58235167    -0.74059204
    -1.70220969    -1.79917912    -0.50841004    -0.58235167    -0.75573841    -1.09892432
    -3.35296728    -4.36689887    -0.59918657    -0.74059204    -1.09892432    -1.65426830
 
 pFMatrix
    10.82074515   -16.14617877     1.37192259    -2.81117201     2.04073281    -5.48818373
   -16.14617877    14.87334578    -1.41697012     2.57283796    -2.28087452     1.88811117
     1.37192259    -1.41697012     0.16441095    -0.56249433     0.29971586    -0.77113788
    -2.81117201     2.57283796    -0.56249433     0.92797584    -1.16966625     1.18310448
     2.04073281    -2.28087452     0.29971586    -1.16966625     1.09886378    -1.89168335
    -5.48818373     1.88811117    -0.77113788     1.18310448    -1.89168335     2.71395351
 
 pCMatrix
    -0.71360989    -0.10588275     0.00833039     0.22228608     0.08362195    -0.65044341
    -0.55730541    -0.09898846     0.06902674     0.09006119     0.40177225     0.71085534
    -0.02363913     0.57332529     0.80468129    -0.07817126     0.11080759    -0.06955757
    -0.04037844     0.61891538    -0.33494379     0.65718471    -0.23071105     0.13418890
    -0.10747312     0.50870226    -0.48521802    -0.57142851     0.39277401    -0.11590101
    -0.40796066     0.09194566     0.00548291    -0.42183510    -0.78218226     0.18796301
 
 CMatrix
    -0.91791631    -0.17065479     0.25948579    -0.38728872     3.43927158    -6.79319511
    -0.08741910    -0.01468500    -0.07100307     0.29113963    -1.18343947     4.55810915
    -0.00147181     0.11550301     8.25396620    -8.83058597     5.87029306    -3.73745577
     0.00267395     0.67834995    -9.97166886    14.33899015   -10.26786439     6.59085314
    -0.00221689     0.30264807     2.39127955    -7.32590674     7.39219360    -5.02161208
    -0.00596728    -0.09231862    -0.44209595     1.80771220    -5.40377499     5.23294498
 
 PMatrix
     1.74338682     0.16549897    -0.03672029    -0.23643626    -0.09922684     0.04246416
     0.16549897     0.01571550    -0.00313500    -0.02039065    -0.00850118     0.00375471
    -0.03672029    -0.00313500     0.02668623     0.15669506     0.06992005    -0.02130859
    -0.23643626    -0.02039065     0.15669506     0.92033160     0.41059074    -0.12528058
    -0.09922684    -0.00850118     0.06992005     0.41059074     0.18320153    -0.05585365
     0.04246416     0.00375471    -0.02130859    -0.12528058    -0.05585365     0.01711667
 
 Energy:  -14.5730197666251     
 
 
 SCF CYCLE:          11
 GMatrix
     3.15734702     3.06486138     0.30340084     0.42981868     0.89790133     2.00762970
     3.06486138     4.15603891     0.08087793     0.11273516     0.26439820     0.94201721
     0.30340084     0.08087793     1.05775420     1.11279134     1.07483834     0.70116546
     0.42981868     0.11273516     1.11279134     1.22289895     1.30475630     0.95446070
     0.89790133     0.26439820     1.07483834     1.30475630     1.75368864     1.71095976
     2.00762970     0.94201721     0.70116546     0.95446070     1.71095976     2.59785881
 
 FockMatrix
    -4.70236193    -4.46438189    -0.63098982    -0.87238402    -1.70220991    -3.35296777
    -4.46438189    -1.04001229    -0.54114984    -0.79510440    -1.79917930    -4.36689920
    -0.63098982    -0.54114984    -0.35129537    -0.40116107    -0.50841015    -0.59918662
    -0.87238402    -0.79510440    -0.40116107    -0.45636929    -0.58235178    -0.74059212
    -1.70220991    -1.79917930    -0.50841015    -0.58235178    -0.75573853    -1.09892452
    -3.35296777    -4.36689920    -0.59918662    -0.74059212    -1.09892452    -1.65426876
 
 pFMatrix
    10.82074450   -16.14617875     1.37192255    -2.81117202     2.04073275    -5.48818380
   -16.14617875    14.87334507    -1.41697012     2.57283793    -2.28087458     1.88811115
     1.37192255    -1.41697012     0.16441082    -0.56249444     0.29971584    -0.77113783
    -2.81117202     2.57283793    -0.56249444     0.92797568    -1.16966618     1.18310448
     2.04073275    -2.28087458     0.29971584    -1.16966618     1.09886374    -1.89168327
    -5.48818380     1.88811115    -0.77113783     1.18310448    -1.89168327     2.71395302
 
 pCMatrix
    -0.71360989    -0.10588272     0.00833043     0.22228610     0.08362194    -0.65044341
    -0.55730541    -0.09898844     0.06902676     0.09006121     0.40177225     0.71085534
    -0.02363913     0.57332544     0.80468117    -0.07817136     0.11080759    -0.06955757
    -0.04037844     0.61891538    -0.33494388     0.65718465    -0.23071107     0.13418890
    -0.10747312     0.50870210    -0.48521815    -0.57142853     0.39277403    -0.11590101
    -0.40796066     0.09194562     0.00548287    -0.42183513    -0.78218225     0.18796301
 
 CMatrix
    -0.91791632    -0.17065477     0.25948580    -0.38728860     3.43927157    -6.79319512
    -0.08741910    -0.01468499    -0.07100305     0.29113959    -1.18343947     4.55810916
    -0.00147180     0.11550379     8.25396570    -8.83058623     5.87029333    -3.73745580
     0.00267394     0.67834940    -9.97166824    14.33899026   -10.26786484     6.59085320
    -0.00221688     0.30264779     2.39127910    -7.32590665     7.39219383    -5.02161211
    -0.00596728    -0.09231853    -0.44209584     1.80771205    -5.40377503     5.23294500
 
 PMatrix
     1.74338683     0.16549897    -0.03672056    -0.23643602    -0.09922675     0.04246411
     0.16549897     0.01571550    -0.00313502    -0.02039061    -0.00850116     0.00375470
    -0.03672056    -0.00313502     0.02668658     0.15669598     0.06992046    -0.02130871
